#Rows:
5,13
4,14
3,15
2,16
1,17
2,16
1,17
2,16
1,17
0,17
1,16
2,15
5,13
14,8
#Cities:
0900,Glasgow,yellow
1500,Oslo,yellow
1900,Stockholm,yellow
2300,Helsinki,yellow
2700,St.Petersberg,yellow
1702,Malmo,yellow
3102,Moskva,yellow
0502,Dublin,red
0803,London,red
0304,Plymouth,red
0205,Brest,red
0308,Bilbao,red
0611,Barcelona,red
1104,Amsterdam,orange
1605,Berlin,orange
2205,Warszwa,orange
0906,Paris,orange
1308,Zurich,orange
1708,Wein,orange
2108,Budapest,orange
0910,Marseille,blue
1310,Firenze,blue
2411,Sofia,blue
1512,Roma,blue
1912,Tirana,blue
2712,Istanbul,blue
2413,Thessaloniki,blue
2401,Riga,green
2403,Vilnius,green
2704,Minsk,green
2906,Kyiv,green
3207,Charkiv,green
3009,Odessa,green
2710,Bucuresti,green
#DoubleTracks:
0900,1100
1100,1300
1900,2100
2100,2300
0700,0601
0900,1001
1300,1201
1900,2001
2300,2201
2300,2401
2500,2401
2500,2601
0601,0801
0801,1001
1201,1401
1401,1601
1801,2001
2201,2401
0601,0702
1001,0902
1801,1902
2201,2302
0502,0702
0902,1102
1302,1502
1502,1702
1702,1902
2102,2302
0302,0203
0302,0403
0502,0603
1102,1003
1502,1403
1502,1603
1702,1803
2102,2203
0403,0603
1603,1803
2003,2203
0203,0304
0403,0304
1003,1104
1203,1104
1203,1304
1403,1304
1603,1504
1603,1704
1803,1704
1803,1904
2003,1904
2003,2104
0104,0304
0904,1104
1104,1304
1904,2104
0104,0205
0304,0205
0304,0405
0504,0405
0504,0605
0704,0605
0704,0805
0904,0805
0904,1005
1304,1205
2104,2005
2104,2205
2304,2205
1205,1405
2205,2405
0205,0306
0405,0306
1405,1306
2405,2306
0306,0506
1306,1506
0506,0407
1306,1407
2506,2407
0407,0607
2407,2607
0207,0108
0207,0308
0407,0308
0407,0508
1807,1708
1807,1908
2007,1908
2607,2508
0308,0508
1908,2108
2508,2708
0508,0409
1108,1209
1308,1209
1308,1409
1508,1409
1508,1609
1708,1609
2108,2009
2508,2609
0409,0609
1009,1209
2009,2209
2409,2609
0609,0510
0609,0710
0809,0710
1009,0910
1009,1110
1609,1510
2209,2110
2809,2910
3009,2910
3009,3110
3209,3110
1510,1710
2110,2310
2110,2010
2710,2910
0710,0811
0910,0811
0910,1011
1110,1011
1110,1211
1310,1211
1710,1611
2310,2211
2310,2411
2510,2411
2510,2611
2710,2611
2710,2811
0611,0811
1211,1411
1611,1811
0611,0712
1411,1312
1811,1712
2811,2712
2811,2912
3011,2912
0512,0712
1312,1512
1712,1912
1512,1413
1912,1813
2712,2813
1413,1613
1613,1813
1813,2013
2413,2613